-303
-290
-236
-306
-283
-236
-298
-303
-229
-285
-317
-222
-275
-319
-231
-275
-322
-249
-244
-329
-262
-233
-321
-279
-228
-312
-283
-223
-316
-284
-242
-290
-298
-236
-291
-313
-213
-287
-322
-223
-271
-323
-250
-252
-325
-249
-245
-328
-277
-217
-318
-282
-228
-313
-275
-246
-301
-292
-229
-293
-314
-221
-291
-307
-227
-276
-321
-237
-260
-330
-250
-248
-317
-275
-228
-320
-274
-227
-316
-282
-237
-298
-293
-237
-293
-301
-227
-298
-309
-223
-267
-329
-232
-270
-320
-247
-257
-321
-263
-225
-331
-280
-223
-310
-281
-236
-308
-285
-234
-300
-299
-231
-289
-311
-226
-279
-323
-215
-281
-324
-245
-250
-323
-262
-237
-329
-269
-227
-319
-277
-226
-311
-288
-238
-302
-284
-239
-294
-309
-219
-289
-320
-219
-277
-313
-247
-261
-325
-248
-246
-330
-267
-229
-312
-284
-228
-311
-280
-235
-311
-285
-238
-285
-311
-228
-293
-307
-221
-280
-321
-233
-262
-330
-248
-252
-319
-261
-238
-323
-281
-215
-320
-282
-231
-306
-283
-247
-292
-300
-223
-299
-312
-221
-277
-321
-228
-273
-325
-237
-260
-324
-257
-235
-327
-282
-219
-320
-269
-236
-312
-283
-236
-300
-297
-231
-295
-301
-229
-290
-315
-217
-275
-326
-239
-262
-317
-258
-247
-325
-265
-227
-325
-276
-229
-303
-290
-236
-306
-283
-236
-298
-303
-229
-285
-317
-222
-275
-319
-231
-275
-322
-249
-244
-329
-262
-233
-321
-279
-228
-312
-283
-223
-316
-284
-242
-290
-298
-236
-291
-313
-213
-287
-322
-223
-271
-323
-250
-252
-325
-249
-245
-328
-277
-217
-318
-282
-228
-313
-275
-246
-301
-292
-229
-293
-314
-221
-291
-307
-227
-276
-321
-237
-260
-330
-250
-248
-317
-275
-228
-320
-274
-227
-316
-282
-237
-298
-293
-237
-293
-301
-227
-298
-309
-223
-267
-329
-232
-270
-320
-247
-257
-321
-263
-225
-331
-280
-223
-310
-281
-236
-308
-285
-234
-300
-299
-231
-289
-311
-226
-279
-323
-215
-281
-324
-245
-250
-323
-262
-237
-329
-269
-227
-319
-277
-226
-311
-288
-238
-302
-284
-239
-294
-309
-219
-289
-320
-219
-277
-313
-247
-261
-325
-248
-246
-330
-267
-229
-312
-284
-228
-311
-280
-235
-311
-285
-238
-285
-311
-228
-293
-307
-221
-280
-321
-233
-262
-330
-248
-252
-319
-261
-238
-323
-281
-215
-320
-282
-231
-306
-283
-247
-292
-300
-223
-299
-312
-221
-277
-321
-228
-273
-325
-237
-260
-324
-257
-235
-327
-282
-219
-320
-269
-236
-312
-283
-236
-300
-297
-231
-295
-301
-229
-290
-315
-217
-275
-326
-239
-262
-317
-258
-247
-325
-265
-227
-325
-276
-229
-303
-290
-236
-306
-283
-236
-298
-303
-229
-285
-317
-222
-275
-319
-231
-275
-322
-249
-244
-329
-262
-233
-321
-279
-228
-312
-283
-223
-316
-284
-242
-290
-298
-236
-291
-313
-213
-287
-322
-223
-271
-323
-250
-252
-325
-249
-245
-328
-277
-217
-318
-282
-228
-313
-275
-246
-301
-292
-229
-293
-314
-221
-291
-307
-227
-276
-321
-237
-260
-330
-250
-248
-317
-275
-228
-320
-274
-227
-316
-282
-237
-298
-293
-237
-293
-301
-227
-298
-309
-223
-267
-329
-232
-270
-320
-247
-257
-321
-263
-225
-331
-280
-223
-310
-281
-236
-308
-285
-234
-300
-299
-231
-289
-311
-226
-279
-323
-215
-281
-324
-245
-250
-323
-262
-237
-329
-269
-227
-319
-277
-226
-311
-288
-238
-302
-284
-239
-294
-309
-219
-289
-320
-219
-277
-313
-247
-261
-325
-248
-246
-330
-267
-229
-312
-284
-228
-311
-280
-235
-311
-285
-238
-285
-311
-228
-293
-307
-221
-280
-321
-233
-262
-330
-248
-252
-319
-261
-238
-323
-281
-215
-320
-282
-231
-306
-283
-247
-292
-300
-223
-299
-312
-221
-277
-321
-228
-273
-325
-237
-260
-324
-257
-235
-327
-282
-219
-320
-269
-236
-312
-283
-236
-300
-297
-231
-295
-301
-229
-290
-315
-217
-275
-326
-239
-262
-317
-258
-247
-325
-265
-227
-325
-276
-229
-303
-290
-236
-306
-283
-236
-298
-303
-229
-285
-317
-222
-275
-319
-231
-275
-322
-249
-244
-329
-262
-233
-321
-279
-228
-312
-283
-223
-316
-284
-242
-290
-298
-236
-291
-313
-213
-287
-322
-223
-271
-323
-250
-252
-325
-249
-245
-328
-277
-217
-318
-282
-228
-313
-275
-246
-301
-292
-229
-293
-314
-221
-291
-307
-227
-276
-321
-237
-260
-330
-250
-248
-317
-275
-228
-320
-274
-227
-316
-282
-237
-298
-293
-237
-293
-301
-227
-298
-309
-223
-267
-329
-232
-270
-320
-247
-257
-321
-263
-225
-331
-280
-223
-310
-281
-236
-308
-285
-234
-300
-299
-231
-289
-311
-226
-279
-323
-215
-281
-324
-245
-250
-323
-262
-237
-329
-269
-227
-319
-277
-226
-311
-288
-238
-302
-284
-239
-294
-309
-219
-289
-320
-219
-277
-313
-247
-261
-325
-248
-246
-330
-267
-229
-312
-284
-228
-311
-280
-235
-311
-285
-238
-285
-311
-228
-293
-307
-221
-280
-321
-233
-262
-330
-248
-252
-319
-261
-238
-323
-281
-215
-320
-282
-231
-306
-283
-247
-292
-300
-223
-299
-312
-221
-277
-321
-228
-273
-325
-237
-260
-324
-257
-235
-327
-282
-219
-320
-269
-236
-312
-283
-236
-300
-297
-231
-295
-301
-229
-290
-315
-217
-275
-326
-239
-262
-317
-258
-247
-325
-265
-227
-325
-276
-229
-303
-290
-236
-306
-283
-236
-298
-303
-229
-285
-317
-222
-275
-319
-231
-275
-322
-249
-244
-329
-262
-233
-321
-279
-228
-312
-283
-223
-316
-284
-242
-290
-298
-236
-291
-313
-213
-287
-322
-223
-271
-323
-250
-252
-325
-249
-245
-328
-277
-217
-318
-282
-228
-313
